***********************************************************
----------------  Created PACKETS --------------------------
***********************************************************
sn	size	start	end	lat	
0	64	0	0
1	64	0	0
2	64	0	0
3	64	0	0
4	64	0	0
5	64	0	0
6	64	0	0
7	64	0	0
8	64	0	0
9	64	0	0
10	64	0	0
11	64	0	0
12	64	0	0
13	64	0	0
14	64	0	0
15	64	0	0
16	64	0	0
17	64	0	0
18	64	0	0
19	64	0	0
20	64	0	0
21	64	0	0
22	64	0	0
23	64	0	0
24	64	0	0
25	64	0	0
26	64	0	0
27	64	0	0
28	64	0	0
29	64	0	0
30	64	0	0
31	64	0	0
32	64	0	0
33	64	0	0
34	64	0	0
35	64	0	0
36	64	0	0
37	64	0	0
38	64	0	0
39	64	0	0
40	64	0	0
41	64	0	0
42	64	0	0
43	64	0	0
44	64	0	0
45	64	0	0
46	64	0	0
47	64	0	0
48	64	0	0
49	64	0	0
50	64	0	0
51	64	0	0
52	64	0	0
53	64	0	0
54	64	0	0
55	64	0	0
56	64	0	0
57	64	0	0
58	64	0	0
59	64	0	0
60	64	0	0
61	64	0	0
62	64	0	0
63	64	0	0
64	64	0	0
65	64	0	0
66	64	0	0
67	64	0	0
68	64	0	0
69	64	0	0
70	64	0	0
71	64	0	0
72	64	0	0
73	64	0	0
74	64	0	0
75	64	0	0
76	64	0	0
77	64	0	0
78	64	0	0
79	64	0	0
80	64	0	0
81	64	0	0
82	64	0	0
83	64	0	0
84	64	0	0
85	64	0	0
86	64	0	0
87	64	0	0
88	64	0	0
89	64	0	0
90	64	0	0
91	64	0	0
92	64	0	0
93	64	0	0
94	64	0	0
95	64	0	0
96	64	0	0
97	64	0	0
98	64	0	0
99	64	0	0

***************************************
--- Created Packet Statistics ---
***********************************

Number of packets created : 100


a	0.5	0	0
d	0.833333333333333	0	0
a	1	0	0
d	1.33333333333333	0	0
a	1.5	0	0
d	1.83333333333333	0	0
a	2	0	0
d	2.33333333333333	0	0
a	2.5	0	0
d	2.83333333333333	0	0
a	3	0	0
d	3.33333333333333	0	0
a	3.5	0	0
d	3.83333333333333	0	0
a	4	0	0
d	4.33333333333333	0	0
a	4.5	0	0
d	4.83333333333333	0	0
a	5	0	0
d	5.33333333333333	0	0
a	5.5	0	0
d	5.83333333333333	0	0
a	6	0	0
d	6.33333333333333	0	0
a	6.5	0	0
d	6.83333333333333	0	0
a	7	0	0
d	7.33333333333333	0	0
a	7.5	0	0
d	7.83333333333333	0	0
a	8	0	0
d	8.33333333333333	0	0
a	8.5	0	0
d	8.83333333333333	0	0
a	9	0	0
d	9.33333333333333	0	0
a	9.5	0	0
d	9.83333333333333	0	0
a	10	0	0
d	10.3333333333333	0	0
a	10.5	0	0
d	10.8333333333333	0	0
a	11	0	0
d	11.3333333333333	0	0
a	11.5	0	0
d	11.8333333333333	0	0
a	12	0	0
d	12.3333333333333	0	0
a	12.5	0	0
d	12.8333333333333	0	0
a	13	0	0
d	13.3333333333333	0	0
a	13.5	0	0
d	13.8333333333333	0	0
a	14	0	0
d	14.3333333333333	0	0
a	14.5	0	0
d	14.8333333333333	0	0
a	15	0	0
d	15.3333333333333	0	0
a	15.5	0	0
d	15.8333333333333	0	0
a	16	0	0
d	16.3333333333333	0	0
a	16.5	0	0
d	16.8333333333333	0	0
a	17	0	0
d	17.3333333333333	0	0
a	17.5	0	0
d	17.8333333333333	0	0
a	18	0	0
d	18.3333333333333	0	0
a	18.5	0	0
d	18.8333333333333	0	0
a	19	0	0
d	19.3333333333333	0	0
a	19.5	0	0
d	19.8333333333333	0	0
a	20	0	0
d	20.3333333333333	0	0
a	20.5	0	0
d	20.8333333333333	0	0
a	21	0	0
d	21.3333333333333	0	0
a	21.5	0	0
d	21.8333333333333	0	0
a	22	0	0
d	22.3333333333333	0	0
a	22.5	0	0
d	22.8333333333333	0	0
a	23	0	0
d	23.3333333333333	0	0
a	23.5	0	0
d	23.8333333333333	0	0
a	24	0	0
d	24.3333333333333	0	0
a	24.5	0	0
d	24.8333333333333	0	0
a	25	0	0
d	25.3333333333333	0	0
a	25.5	0	0
d	25.8333333333333	0	0
a	26	0	0
d	26.3333333333333	0	0
a	26.5	0	0
d	26.8333333333333	0	0
a	27	0	0
d	27.3333333333333	0	0
a	27.5	0	0
d	27.8333333333333	0	0
a	28	0	0
d	28.3333333333333	0	0
a	28.5	0	0
d	28.8333333333333	0	0
a	29	0	0
d	29.3333333333333	0	0
a	29.5	0	0
d	29.8333333333333	0	0
a	30	0	0
d	30.3333333333333	0	0
a	30.5	0	0
d	30.8333333333333	0	0
a	31	0	0
d	31.3333333333333	0	0
a	31.5	0	0
d	31.8333333333333	0	0
a	32	0	0
d	32.3333333333333	0	0
a	32.5	0	0
d	32.8333333333333	0	0
a	33	0	0
d	33.3333333333333	0	0
a	33.5	0	0
d	33.8333333333333	0	0
a	34	0	0
d	34.3333333333333	0	0
a	34.5	0	0
d	34.8333333333333	0	0
a	35	0	0
d	35.3333333333333	0	0
a	35.5	0	0
d	35.8333333333333	0	0
a	36	0	0
d	36.3333333333333	0	0
a	36.5	0	0
d	36.8333333333333	0	0
a	37	0	0
d	37.3333333333333	0	0
a	37.5	0	0
d	37.8333333333333	0	0
a	38	0	0
d	38.3333333333333	0	0
a	38.5	0	0
d	38.8333333333333	0	0
a	39	0	0
d	39.3333333333333	0	0
a	39.5	0	0
d	39.8333333333333	0	0
a	40	0	0
d	40.3333333333333	0	0
a	40.5	0	0
d	40.8333333333333	0	0
a	41	0	0
d	41.3333333333333	0	0
a	41.5	0	0
d	41.8333333333333	0	0
a	42	0	0
d	42.3333333333333	0	0
a	42.5	0	0
d	42.8333333333333	0	0
a	43	0	0
d	43.3333333333333	0	0
a	43.5	0	0
d	43.8333333333333	0	0
a	44	0	0
d	44.3333333333333	0	0
a	44.5	0	0
d	44.8333333333333	0	0
a	45	0	0
d	45.3333333333333	0	0
a	45.5	0	0
d	45.8333333333333	0	0
a	46	0	0
d	46.3333333333333	0	0
a	46.5	0	0
d	46.8333333333333	0	0
a	47	0	0
d	47.3333333333333	0	0
a	47.5	0	0
d	47.8333333333333	0	0
a	48	0	0
d	48.3333333333333	0	0
a	48.5	0	0
d	48.8333333333333	0	0
a	49	0	0
d	49.3333333333333	0	0
a	49.5	0	0
d	49.8333333333333	0	0
a	50	0	0
d	50.3333333333333	0	0
***********************************************************
----------------  RX PACKETS --------------------------
***********************************************************
sn	size	start	end	lat	qsize_we	qsize_wl
0	64	0.5	0.833333333333333	0.333333333333333	0	0
1	64	1	1.33333333333333	0.333333333333333	0	0
2	64	1.5	1.83333333333333	0.333333333333333	0	0
3	64	2	2.33333333333333	0.333333333333333	0	0
4	64	2.5	2.83333333333333	0.333333333333333	0	0
5	64	3	3.33333333333333	0.333333333333333	0	0
6	64	3.5	3.83333333333333	0.333333333333333	0	0
7	64	4	4.33333333333333	0.333333333333333	0	0
8	64	4.5	4.83333333333333	0.333333333333333	0	0
9	64	5	5.33333333333333	0.333333333333333	0	0
10	64	5.5	5.83333333333333	0.333333333333333	0	0
11	64	6	6.33333333333333	0.333333333333333	0	0
12	64	6.5	6.83333333333333	0.333333333333333	0	0
13	64	7	7.33333333333333	0.333333333333333	0	0
14	64	7.5	7.83333333333333	0.333333333333333	0	0
15	64	8	8.33333333333333	0.333333333333334	0	0
16	64	8.5	8.83333333333333	0.333333333333334	0	0
17	64	9	9.33333333333333	0.333333333333334	0	0
18	64	9.5	9.83333333333333	0.333333333333334	0	0
19	64	10	10.3333333333333	0.333333333333334	0	0
20	64	10.5	10.8333333333333	0.333333333333334	0	0
21	64	11	11.3333333333333	0.333333333333334	0	0
22	64	11.5	11.8333333333333	0.333333333333334	0	0
23	64	12	12.3333333333333	0.333333333333334	0	0
24	64	12.5	12.8333333333333	0.333333333333334	0	0
25	64	13	13.3333333333333	0.333333333333334	0	0
26	64	13.5	13.8333333333333	0.333333333333334	0	0
27	64	14	14.3333333333333	0.333333333333334	0	0
28	64	14.5	14.8333333333333	0.333333333333334	0	0
29	64	15	15.3333333333333	0.333333333333334	0	0
30	64	15.5	15.8333333333333	0.333333333333334	0	0
31	64	16	16.3333333333333	0.333333333333332	0	0
32	64	16.5	16.8333333333333	0.333333333333332	0	0
33	64	17	17.3333333333333	0.333333333333332	0	0
34	64	17.5	17.8333333333333	0.333333333333332	0	0
35	64	18	18.3333333333333	0.333333333333332	0	0
36	64	18.5	18.8333333333333	0.333333333333332	0	0
37	64	19	19.3333333333333	0.333333333333332	0	0
38	64	19.5	19.8333333333333	0.333333333333332	0	0
39	64	20	20.3333333333333	0.333333333333332	0	0
40	64	20.5	20.8333333333333	0.333333333333332	0	0
41	64	21	21.3333333333333	0.333333333333332	0	0
42	64	21.5	21.8333333333333	0.333333333333332	0	0
43	64	22	22.3333333333333	0.333333333333332	0	0
44	64	22.5	22.8333333333333	0.333333333333332	0	0
45	64	23	23.3333333333333	0.333333333333332	0	0
46	64	23.5	23.8333333333333	0.333333333333332	0	0
47	64	24	24.3333333333333	0.333333333333332	0	0
48	64	24.5	24.8333333333333	0.333333333333332	0	0
49	64	25	25.3333333333333	0.333333333333332	0	0
50	64	25.5	25.8333333333333	0.333333333333332	0	0
51	64	26	26.3333333333333	0.333333333333332	0	0
52	64	26.5	26.8333333333333	0.333333333333332	0	0
53	64	27	27.3333333333333	0.333333333333332	0	0
54	64	27.5	27.8333333333333	0.333333333333332	0	0
55	64	28	28.3333333333333	0.333333333333332	0	0
56	64	28.5	28.8333333333333	0.333333333333332	0	0
57	64	29	29.3333333333333	0.333333333333332	0	0
58	64	29.5	29.8333333333333	0.333333333333332	0	0
59	64	30	30.3333333333333	0.333333333333332	0	0
60	64	30.5	30.8333333333333	0.333333333333332	0	0
61	64	31	31.3333333333333	0.333333333333332	0	0
62	64	31.5	31.8333333333333	0.333333333333332	0	0
63	64	32	32.3333333333333	0.333333333333336	0	0
64	64	32.5	32.8333333333333	0.333333333333336	0	0
65	64	33	33.3333333333333	0.333333333333336	0	0
66	64	33.5	33.8333333333333	0.333333333333336	0	0
67	64	34	34.3333333333333	0.333333333333336	0	0
68	64	34.5	34.8333333333333	0.333333333333336	0	0
69	64	35	35.3333333333333	0.333333333333336	0	0
70	64	35.5	35.8333333333333	0.333333333333336	0	0
71	64	36	36.3333333333333	0.333333333333336	0	0
72	64	36.5	36.8333333333333	0.333333333333336	0	0
73	64	37	37.3333333333333	0.333333333333336	0	0
74	64	37.5	37.8333333333333	0.333333333333336	0	0
75	64	38	38.3333333333333	0.333333333333336	0	0
76	64	38.5	38.8333333333333	0.333333333333336	0	0
77	64	39	39.3333333333333	0.333333333333336	0	0
78	64	39.5	39.8333333333333	0.333333333333336	0	0
79	64	40	40.3333333333333	0.333333333333336	0	0
80	64	40.5	40.8333333333333	0.333333333333336	0	0
81	64	41	41.3333333333333	0.333333333333336	0	0
82	64	41.5	41.8333333333333	0.333333333333336	0	0
83	64	42	42.3333333333333	0.333333333333336	0	0
84	64	42.5	42.8333333333333	0.333333333333336	0	0
85	64	43	43.3333333333333	0.333333333333336	0	0
86	64	43.5	43.8333333333333	0.333333333333336	0	0
87	64	44	44.3333333333333	0.333333333333336	0	0
88	64	44.5	44.8333333333333	0.333333333333336	0	0
89	64	45	45.3333333333333	0.333333333333336	0	0
90	64	45.5	45.8333333333333	0.333333333333336	0	0
91	64	46	46.3333333333333	0.333333333333336	0	0
92	64	46.5	46.8333333333333	0.333333333333336	0	0
93	64	47	47.3333333333333	0.333333333333336	0	0
94	64	47.5	47.8333333333333	0.333333333333336	0	0
95	64	48	48.3333333333333	0.333333333333336	0	0
96	64	48.5	48.8333333333333	0.333333333333336	0	0
97	64	49	49.3333333333333	0.333333333333336	0	0
98	64	49.5	49.8333333333333	0.333333333333336	0	0
99	64	50	50.3333333333333	0.333333333333336	0	0

************************************
--- Received Packet Statistics ---
***********************************

Number of packets sent : 100
Number of packets received : 100
Number of packets dropped : 0
Average packets size : 64
Average packet latency : 0.333333333333334
Average queue size when packet enters : 0
Min queue size when packet enters : 0
Max queue size when packet enters : 0
Average queue size when packet leaves : 0
Min queue size when packet leaves : 0
Max queue size when packet leaves : 0
